3.533074E-06
4.858429E-06
5.070835E-06
1.564169E-08
2.782456E-08
8.000927E-06
5.845089E-06
8.000927E-06
5.845089E-06
8.000927E-06
5.845089E-06
9.130421E-07
5.988582E-07
9.726073E-06
9.805526E-06
7.780577E-07
7.26653E-07
4.656323E-07
5.149216E-07
7.951147E-06
2.739057E-06
3.357468E-08
2.226534E-07
5.026064E-07
2.2416E-06
1.057336E-07
1.237445E-07
6.171999E-08
3.523295E-08
2.209137E-06
2.259864E-06
2.24812E-06
7.945567E-08
9.502224E-06
9.577879E-06
3.429222E-07
3.431646E-07
3.529904E-07
3.199477E-08
3.884265E-06
9.693034E-08
5.557104E-05
1.276729E-06
4.738316E-05
3.065853E-05
3.029263E-05
3.005148E-05
4.738316E-05
3.065853E-05
3.029263E-05
3.005148E-05
5.331699E-08
6.594659E-07
6.59932E-07
6.788278E-07
3.313153E-07
3.622822E-07
8.000927E-06
5.845089E-06
4.738316E-05
3.065853E-05
3.029263E-05
3.005148E-05
9.118614E-08
4.716101E-08
5.368443E-08
9.568389E-07
6.233936E-07
1.508206E-06
4.370019E-07
5.730897E-07
9.085021E-07
2.375114E-08
2.336895E-08
1.162949E-07
1.671236E-07
1.671236E-07
9.913273E-08
1.0423E-07
1.04813E-07
1.11397E-07
1.351674E-07
1.031075E-07
1.938515E-08
1.853035E-08
1.556108E-06
9.555411E-08
1.445017E-08
5.940421E-08
1.967605E-06
8.108747E-08
1.824156E-07
3.780789E-06
2.441403E-06
2.909419E-08
4.87813E-06
1.855679E-06
1.258536E-06
1.999794E-06
8.512367E-07
8.504931E-07
8.298744E-07
8.512367E-07
8.504931E-07
8.298744E-07
1.855679E-06
1.258536E-06
1.999794E-06
2.179135E-08
1.391391E-08
9.290823E-07
6.207322E-08
4.083754E-08
6.565986E-08
4.268435E-08
3.333606E-08
1.234409E-08
8.071279E-09
7.31428E-07
2.401994E-06
1.756273E-07
1.806183E-07
1.433194E-06
1.756273E-07
1.806183E-07
1.756273E-07
1.806183E-07
6.231852E-08
6.432536E-08
6.484711E-08
1.104319E-07
6.197699E-08
1.928927E-07
2.248501E-07
2.560038E-07
4.945434E-07
1.710341E-07
8.127088E-06
5.630613E-07
4.52141E-06
3.182466E-08
5.385867E-07
5.037401E-07
1.476149E-06
1.798758E-06
1.379959E-06
6.364612E-09
3.352071E-07
2.331131E-08
3.101007E-08
6.905986E-08
3.1343E-08
4.446476E-07
4.167375E-07
4.902501E-07
1.093839E-05
6.678541E-06
5.025082E-06
2.846205E-07
6.505358E-07
3.052193E-07
6.979606E-08
7.72682E-07
7.229354E-08
1.803063E-07
7.574128E-06
5.651768E-08
1.045142E-07
5.134541E-08
7.676163E-07
1.429772E-06
4.338329E-08
1.545787E-08
2.482028E-07
2.96029E-07
3.261622E-05
5.470245E-08
6.246274E-08
1.259087E-05
6.982421E-08
6.99733E-08
1.538446E-07
1.395546E-08
6.478228E-06
1.748613E-07
6.226951E-06
2.779259E-06
0.000178559
1.240758E-05
1.892491E-06
1.892491E-06
1.240758E-05
0.000178559
8.56596E-08
2.407768E-05
9.890666E-05
2.454678E-05
3.629243E-07
6.127236E-07
4.856407E-07
0.0002805105
0.0003626848
4.856407E-07
0.0002805105
0.0003626848
2.040363E-05
6.939475E-06
2.634423E-06
7.589371E-09
7.589371E-09
6.939475E-06
2.634423E-06
4.816666E-05
4.816666E-05
0.0001363409
5.110128E-06
6.842133E-07
6.209736E-07
7.034825E-06
2.732895E-05
1.472292E-07
1.241083E-07
1.191665E-07
1.472292E-07
1.241083E-07
1.191665E-07
1.598535E-07
1.224302E-07
2.613303E-06
2.536486E-06
3.687137E-06
1.746271E-09
